*** Added sample 1, p_x = 0.582, p_y = 0.450, p_size = 0.293, skew = 0.066
*** Added sample 2, p_x = 0.619, p_y = 0.549, p_size = 0.306, skew = 0.121
*** Added sample 3, p_x = 0.770, p_y = 0.763, p_size = 0.387, skew = 0.131
*** Added sample 4, p_x = 0.792, p_y = 0.903, p_size = 0.431, skew = 0.148
*** Added sample 5, p_x = 0.885, p_y = 0.809, p_size = 0.484, skew = 0.104
*** Added sample 6, p_x = 0.758, p_y = 0.847, p_size = 0.498, skew = 0.082
*** Added sample 7, p_x = 0.857, p_y = 0.697, p_size = 0.537, skew = 0.084
*** Added sample 8, p_x = 0.801, p_y = 0.588, p_size = 0.559, skew = 0.108
*** Added sample 9, p_x = 0.818, p_y = 0.525, p_size = 0.421, skew = 0.111
*** Added sample 10, p_x = 0.611, p_y = 0.341, p_size = 0.227, skew = 0.095
*** Added sample 11, p_x = 0.472, p_y = 0.404, p_size = 0.144, skew = 0.043
*** Added sample 12, p_x = 0.475, p_y = 0.670, p_size = 0.157, skew = 0.046
*** Added sample 13, p_x = 0.432, p_y = 0.831, p_size = 0.184, skew = 0.095
*** Added sample 14, p_x = 0.453, p_y = 0.150, p_size = 0.206, skew = 0.039
*** Added sample 15, p_x = 0.864, p_y = 0.663, p_size = 0.168, skew = 0.325
*** Added sample 16, p_x = 0.127, p_y = 0.629, p_size = 0.164, skew = 0.156
*** Added sample 17, p_x = 0.452, p_y = 0.919, p_size = 0.179, skew = 0.000
*** Added sample 18, p_x = 0.467, p_y = 0.127, p_size = 0.160, skew = 0.318
*** Added sample 19, p_x = 0.174, p_y = 0.716, p_size = 0.161, skew = 0.424
*** Added sample 20, p_x = 0.140, p_y = 0.733, p_size = 0.164, skew = 0.277
*** Added sample 21, p_x = 0.753, p_y = 0.707, p_size = 0.148, skew = 0.485
*** Added sample 22, p_x = 0.758, p_y = 0.725, p_size = 0.167, skew = 0.287
*** Added sample 23, p_x = 0.743, p_y = 0.301, p_size = 0.174, skew = 0.385
*** Added sample 24, p_x = 0.719, p_y = 0.786, p_size = 0.184, skew = 0.168
*** Added sample 25, p_x = 0.198, p_y = 0.829, p_size = 0.179, skew = 0.183
*** Added sample 26, p_x = 0.234, p_y = 0.289, p_size = 0.186, skew = 0.337
*** Added sample 27, p_x = 0.247, p_y = 0.261, p_size = 0.175, skew = 0.604
*** Added sample 28, p_x = 0.266, p_y = 0.234, p_size = 0.166, skew = 0.815
# oST version 5.0 parameters


[image]

width
640

height
480

[narrow_stereo/left]

camera matrix
733.331337 0.000000 311.622739
0.000000 727.330203 247.044686
0.000000 0.000000 1.000000

distortion
0.119707 -0.395781 -0.005878 -0.007121 0.000000

rectification
0.923889 0.019527 0.382161
-0.023450 0.999709 0.005611
-0.381941 -0.014146 0.924079

projection
829.254367 0.000000 -29.774244 0.000000
0.000000 829.254367 242.694038 0.000000
0.000000 0.000000 1.000000 0.000000

# oST version 5.0 parameters


[image]

width
640

height
480

[narrow_stereo/right]

camera matrix
679.286770 0.000000 305.814258
0.000000 676.053002 237.207871
0.000000 0.000000 1.000000

distortion
0.072680 -0.277321 -0.000299 -0.006065 0.000000

rectification
0.937534 -0.002577 0.347884
0.006137 0.999939 -0.009132
-0.347840 0.010696 0.937493

projection
829.254367 0.000000 -29.774244 -109.679272
0.000000 829.254367 242.694038 0.000000
0.000000 0.000000 1.000000 0.000000


Wrote calibration data to /tmp/calibrationdata.tar.gz

Left:
D =  [0.11970717095386538, -0.3957814841719611, -0.00587813422000847, -0.007121409418569904, 0.0]
K =  [733.3313367785386, 0.0, 311.6227393029161, 0.0, 727.3302029095546, 247.04468604747058, 0.0, 0.0, 1.0]
R =  [0.9238892319772714, 0.01952662206986816, 0.3821614816631684, -0.02345023715071842, 0.9997092567857722, 0.005611441384738198, -0.3819407983104485, -0.014146127646102472, 0.9240785213706665]
P =  [829.2543671687769, 0.0, -29.774243518710136, 0.0, 0.0, 829.2543671687769, 242.69403839111328, 0.0, 0.0, 0.0, 1.0, 0.0]

Right:
D =  [0.07267994998517288, -0.2773211357168068, -0.00029938265277257514, -0.00606495985473834, 0.0]
K =  [679.286769973595, 0.0, 305.81425831030185, 0.0, 676.0530015088386, 237.2078713249786, 0.0, 0.0, 1.0]
R =  [0.9375338800698754, -0.0025769634924268457, 0.34788443911776684, 0.006136860270636142, 0.9999394754915439, -0.009131500408739501, -0.3478398520399053, 0.010696009202259566, 0.9374929507574987]
P =  [829.2543671687769, 0.0, -29.774243518710136, -109.67927242337437, 0.0, 829.2543671687769, 242.69403839111328, 0.0, 0.0, 0.0, 1.0, 0.0]
self.T [-0.12400059367718548, 0.00034083568576908155, -0.046012072628716795]
self.R [0.9988877763540306, 0.029362532721338878, 0.03689243720179535, -0.029914888951944118, 0.9994471233707224, 0.014510237936741709, -0.036445982899257386, -0.015597732469058127, 0.9992138915529201]
# oST version 5.0 parameters


[image]

width
640

height
480

[narrow_stereo/left]

camera matrix
733.331337 0.000000 311.622739
0.000000 727.330203 247.044686
0.000000 0.000000 1.000000

distortion
0.119707 -0.395781 -0.005878 -0.007121 0.000000

rectification
0.923889 0.019527 0.382161
-0.023450 0.999709 0.005611
-0.381941 -0.014146 0.924079

projection
829.254367 0.000000 -29.774244 0.000000
0.000000 829.254367 242.694038 0.000000
0.000000 0.000000 1.000000 0.000000

# oST version 5.0 parameters


[image]

width
640

height
480

[narrow_stereo/right]

camera matrix
679.286770 0.000000 305.814258
0.000000 676.053002 237.207871
0.000000 0.000000 1.000000

distortion
0.072680 -0.277321 -0.000299 -0.006065 0.000000

rectification
0.937534 -0.002577 0.347884
0.006137 0.999939 -0.009132
-0.347840 0.010696 0.937493

projection
829.254367 0.000000 -29.774244 -109.679272
0.000000 829.254367 242.694038 0.000000
0.000000 0.000000 1.000000 0.000000

