image_width: 640
image_height: 480
camera_name: logitech_c120_left
camera_matrix:
  rows: 3
  cols: 3
  data: [733.331336778539, 0, 311.622739302916, 0, 727.330202909555, 247.044686047471, 0, 0, 1]
distortion_model: plumb_bob
distortion_coefficients:
  rows: 1
  cols: 5
  data: [0.119707170953865, -0.395781484171961, -0.00587813422000847, -0.0071214094185699, 0]
rectification_matrix:
  rows: 3
  cols: 3
  data: [0.923889231977271, 0.0195266220698682, 0.382161481663168, -0.0234502371507184, 0.999709256785772, 0.0056114413847382, -0.381940798310449, -0.0141461276461025, 0.924078521370666]
projection_matrix:
  rows: 3
  cols: 4
  data: [829.254367168777, 0, -29.7742435187101, 0, 0, 829.254367168777, 242.694038391113, 0, 0, 0, 1, 0]