image_width: 640
image_height: 480
camera_name: logitech_c120_right
camera_matrix:
  rows: 3
  cols: 3
  data: [679.286769973595, 0, 305.814258310302, 0, 676.053001508839, 237.207871324979, 0, 0, 1]
distortion_model: plumb_bob
distortion_coefficients:
  rows: 1
  cols: 5
  data: [0.0726799499851729, -0.277321135716807, -0.000299382652772575, -0.00606495985473834, 0]
rectification_matrix:
  rows: 3
  cols: 3
  data: [0.937533880069875, -0.00257696349242685, 0.347884439117767, 0.00613686027063614, 0.999939475491544, -0.0091315004087395, -0.347839852039905, 0.0106960092022596, 0.937492950757499]
projection_matrix:
  rows: 3
  cols: 4
  data: [829.254367168777, 0, -29.7742435187101, -109.679272423374, 0, 829.254367168777, 242.694038391113, 0, 0, 0, 1, 0]