image_width: 640
image_height: 480
camera_name: camera
camera_matrix:
  rows: 3
  cols: 3
  data: [655.18131, 0, 333.36765, 0, 653.04438, 228.90739, 0, 0, 1]
distortion_model: plumb_bob
distortion_coefficients:
  rows: 1
  cols: 5
  data: [0.11287, -0.22707, -0.00083, 0.00298, 0]
rectification_matrix:
  rows: 3
  cols: 3
  data: [1, 0, 0, 0, 1, 0, 0, 0, 1]
projection_matrix:
  rows: 3
  cols: 4
  data: [663.30322, 0, 334.29676, 0, 0, 662.06476, 228.15963, 0, 0, 0, 1, 0]
